11.0
0.9618255
0.9172935
11.0
0.93234664
0.92508644
11.0
0.9515657
0.95244986
11.0
0.96006864
0.9604644
12.0
1.0
0.81
14.0
1.0
0.81
11.0
0.9659087
0.96825767
11.0
0.9728646
0.97529763
13.0
1.0
0.81
11.0
0.96213317
0.91808987
11.0
0.9327922
0.92575455
11.0
0.95167834
0.9529342
11.0
0.9600852
0.9607968
12.0
1.0
0.81
14.0
1.0
0.81
11.0
0.96591127
0.96848226
11.0
0.9698626
0.97532964
13.0
1.0
0.81
11.0
0.96242684
0.9188346
11.0
0.93329406
0.9263634
11.0
0.95183873
0.95339537
11.0
0.96014476
0.96112335
12.0
1.0
0.81
14.0
1.0
0.81
11.0
0.96592116
0.96871483
11.0
0.9698806
0.97550595
13.0
1.0
0.81
